WNDROBS 01.20
G7190 0111.8600 021.5600 00119.0 LC 20180809234508
ROBS
00100 082.0 008.8 0003.2 100 100 4.9e-013
00160 096.0 011.8 0003.4 100 100 3.0e-013
00220 103.0 010.6 0003.4 100 100 1.8e-013
00280 102.0 011.1 0003.3 100 100 1.8e-013
00340 098.0 010.4 0003.3 100 100 1.7e-013
00400 108.0 005.8 0002.9 100 100 2.5e-013
00460 082.0 008.2 0004.0 100 100 2.2e-013
00520 098.0 008.6 0003.2 100 100 1.3e-013
00580 108.0 009.6 0003.2 100 100 4.5e-014
00640 105.0 012.1 0003.4 100 100 4.2e-014
00700 135.0 004.5 0002.9 100 100 9.6e-014
00760 133.0 005.4 0003.2 100 100 6.4e-014
00820 122.0 006.8 0003.4 100 100 2.1e-014
00880 139.0 005.5 0003.3 100 100 1.4e-014
00990 103.0 014.2 0001.7 100 100 3.3e-015
01110 105.0 014.7 0001.7 100 100 9.6e-016
01230 106.0 014.8 0001.6 100 100 4.6e-016
01350 107.0 015.1 0001.5 100 100 8.7e-017
01470 108.0 014.5 0001.6 100 100 2.5e-017
01590 103.0 012.9 0001.3 100 100 1.2e-017
01710 100.0 012.6 0000.9 100 100 9.7e-018
01830 ///// ///// 0000.5 000 000 9.0e-018
01950 116.0 008.8 0000.3 100 100 8.8e-017
02070 113.0 009.4 0000.4 100 100 1.4e-015
02190 113.0 008.9 0000.3 100 100 1.6e-014
02310 100.0 008.0 0000.2 100 100 1.0e-014
02430 120.0 007.3 0000.4 100 100 8.8e-017
02550 118.0 006.5 0000.3 100 100 3.9e-018
02670 145.0 008.8 0000.9 100 100 3.1e-018
02790 174.0 007.1 0001.1 100 100 1.8e-017
02910 168.0 006.2 0001.2 100 100 5.5e-018
03030 149.0 009.4 0001.2 100 100 3.0e-019
03150 154.0 011.1 0001.3 100 100 4.1e-019
03270 155.0 003.0 0001.1 100 100 3.8e-019
03390 116.0 003.8 0001.8 100 100 5.0e-019
03510 119.0 005.2 0002.2 100 100 3.2e-020
03630 109.0 004.7 0002.2 100 100 1.2e-019
03750 113.0 001.8 0000.8 100 100 1.5e-019
03870 ///// ///// 0001.4 000 000 1.1e-020
03990 ///// ///// 0002.5 000 000 5.6e-021
04110 180.0 006.1 0001.2 100 100 4.8e-020
04230 154.0 002.3 0002.1 100 100 1.9e-019
04350 144.0 001.5 0001.7 100 100 2.4e-019
04470 119.0 003.8 0002.4 100 100 2.0e-019
04590 071.0 002.7 0002.0 100 100 7.9e-020
04710 057.0 002.0 0002.5 100 100 2.7e-019
04830 033.0 001.7 0002.6 100 100 2.0e-019
04950 028.0 002.2 0002.7 100 100 2.8e-019
05070 358.0 002.2 0002.8 100 100 1.2e-018
05190 011.0 004.4 0002.7 100 100 7.3e-018
05310 028.0 003.0 0002.1 100 100 4.3e-017
05430 029.0 004.8 0001.5 100 100 1.7e-016
05550 041.0 006.3 0001.0 100 100 1.1e-016
05670 042.0 006.7 0000.9 100 100 2.5e-016
NNNN
